&default_values           ! Mandatory namelist tag
filnam = 'Floater_vad_1.pln'
filpre = ''
use_translation = T
rotate_first = T
isx = 0
trim = 0.000
heel = 0.000
rotz = 0
dx = 0.000
dy = 0.000
dz = 0.000
min_aspect = 0.030 
nbx = 5 5 5 5 5 5 5 5 5 5 5 5 5 5 5 5 5 5 49 52 49 60 25 25 24 24 25 25 24 24 49 52 49 52 
nbz = 25 25 25 20 20 20 20 25 25 20 6 7 5 5 6 5 6 5 7 5 5 6 7 5 5 6 5 5 5 5 5 5 5 5 
nbxRatio = 1.000 1.000 1.000 1.000 1.000 1.000 1.000 1.000 1.000 1.000 1.000 1.000 1.000 1.000 1.000 1.000 1.000 1.000 1.000 1.000 1.000 1.000 1.000 1.000 1.000 1.000 1.000 1.000 1.000 1.000 1.000 1.000 1.000 1.000 
nbzRatio = 1.000 1.000 1.000 1.000 1.000 1.000 1.000 1.000 1.000 1.000 1.000 1.000 1.000 1.000 1.000 1.000 1.000 1.000 1.000 1.000 1.000 1.000 1.000 1.000 1.000 1.000 1.000 1.000 1.000 1.000 1.000 1.000 1.000 1.000 
end_curve_method = 0 0 0 0 0 0 0 0 0 0 0 0 0 0 0 0 0 0 0 0 0 0 0 0 0 0 0 0 0 0 0 0 0 0 
/
